eye 0.0 5.0 17.0
viewdir 0.0 -1.0 -2.0
updir 0.0 0.0 1.0
hfov 45.0
imsize 640 480

bkgcolor 0.5 0.5 0.5

light 1.3 1.3 17.0 1 .7 .7 .7
light 1.5 1.0 20.0 1 .7 .7 .7

mtlcolor 1.0 0.0 0.0 0.5 0.5 0.5 0.2 0.4 0.5 50 0.5 15
sphere 0.0 0.0 12.0 1.0

mtlcolor 1.0 0.0 0.0 0.5 0.5 0.5 0.2 0.4 0.5 50 0.5 15
sphere 1.2705 1.2705 12.0 0.4

mtlcolor 1.0 0.0 0.0 0.5 0.5 0.5 0.2 0.4 0.2 50 0.5 15
sphere -1.2705 1.2705 12.0 0.4


mtlcolor 0.0 0.0 0.0 0.5 0.5 0.5 0.1 0.9 0.002 50 0.5 15
v -2.0 -2.0 0.0
v 2.0 -2.0 0.0
v 2.0 2.0 0.0
v -2.0 2.0 0.0

f 1 2 3
f 1 3 4
